D.TLAI.TNSB.000231:439,79 236,9956 5,879517 13,73437 4
D.GUID.FCCH.000035:216,88 225,7156 5,635986 13,73437 5
D.GUID.FCCH.000030:621,75 156,7956 5,612793 13,73437 6
D.ALBR.BRFL.000114:393,5 439,6656 5,626321 13,73437 2
S.CHSC.GRCL.000022:660,77 297,5556 5,601196 13,73437 8
D.LMST.PIED.000238:351,24 307,4556 3,131104 13,73437 1
L.RGTR.CTNE.000169:452,4 100,9656 5,502625 13,73437 7
D.LMTS.FCCH.000142:444,33 156,1156 5,5896 13,73437 9
D.LMTS.FCCH.000144:473,86 142,5356 11,34735 13,73437 10
C.ANEL.SGNT.000000:472,28 131,1356 5,566406 13,73437 3
