D.LAMI.LMPG.000283:317,08 338,8756 5,566406 13,73437 3
D.LAMI.LMPG.000283:601,33 189,4956 5,566406 13,73437 3
D.GUID.GDPR.000701:706,71 195,5656 11,34735 13,73437 10
C.MNGL.LSMR.000060:665,73 279,7556 5,5896 13,73437 9
D.LMST.STSP.001785:198,61 443,1956 3,131104 13,73437 1
D.LMST.STSP.001784:246,99 406,4456 5,626321 13,73437 2
D.LMST.STSP.001783:454,45 283,4956 5,879517 13,73437 4
D.LMST.STSP.001787:698,06 144,0356 5,635986 13,73437 5
D.LMST.STSP.001733:227,98 69,25562 5,502625 13,73437 7
D.LMST.CLNT.000478:646,28 244,9556 5,601196 13,73437 8
D.LMST.RNDL.000950:623,85 296,1356 5,612793 13,73437 6
D.LMST.STSP.002568:685,72 270,4556 11,37634 13,73437 13
D.LMST.CLNT.000478:267,85 97,70563 5,601196 13,73437 8
C.MNGL.LSMR.000060:200,03 107,2856 5,5896 13,73437 9
D.LMST.STSP.001786:545,53 108,6656 11,28937 13,73437 12
D.LMST.STSP.001788:81,34 374,7456 8,854065 13,73437 11
D.LAMI.LMPG.000604:154,7 418,9056 11,34155 13,73437 14
D.LMRF.FRCC.000172:702,02 280,8756 11,44012 13,73437 15
D.LMST.CLNT.000478:242,25 108,6656 5,601196 13,73437 8
D.LMRF.FRCC.000172:210,85 64,20563 11,44012 13,73437 15
D.GUID.GDPR.001068:343,12 70,26563 11,37054 13,73437 16
D.LMST.SFTC.000814:167,67 162,1356 11,39374 13,73437 18
D.GUID.GDPR.001056:342,84 134,3756 11,37634 13,73437 17
D.LAMI.LMPG.000604:632,99 120,0956 11,34155 13,73437 14
TAV-01.G.TRSP.NSTL.000085.01/04:598,97 48,53563 192,5571 13,73437 TAV-01.G.TRSP.NSTL.000085.01/04
