D.LMST.RGST.000202:186,7 174,0956 11,34155 13,73437 14
D.PTTI.SPPR.001819:201,69 139,9456 11,34735 13,73437 10
C.ANEL.SGST.000017:226,43 132,9956 5,635986 13,73437 5
C.CSCN.RDLI.000045:236,76 124,1856 11,37634 13,73437 13
D.ALBR.CNDT.000092:263,83 109,5056 8,854065 13,73437 11
D.RULL.RLFL.000121:315,13 80,47562 11,28937 13,73437 12
C.CSCN.RDLI.000045:367,39 54,66563 11,37634 13,73437 13
C.ANEL.SGST.000017:384,07 48,79563 5,635986 13,73437 5
D.PTTI.SPPR.001819:392,58 30,37563 11,34735 13,73437 10
D.LMST.RGST.000202:439,09 29,32563 11,34155 13,73437 14
C.NSTP.SGLN.000012:604,71 287,3656 11,44012 13,73437 15
D.TRVS.PRTN.000071:447,78 209,8456 3,131104 13,73437 1
D.RULL.TRNS.000028:492,8 191,3956 5,612793 13,73437 6
D.ALBR.TRSM.000363:426,96 238,4556 5,566406 13,73437 3
C.LGTE.NGTA.000301:452,66 272,0956 5,879517 13,73437 4
C.ANEL.SGST.000017:416,94 280,8456 5,635986 13,73437 5
D.PTTI.SPPR.001820:409,51 304,6956 5,626321 13,73437 2
C.SPRT.SUFL.000006:384,3 308,1256 5,502625 13,73437 7
D.ALBR.PRNI.000761:319,18 267,6256 5,601196 13,73437 8
C.MTRD.MSEW.000279:284,29 283,6556 5,5896 13,73437 9
D.PTTI.SPPR.001820:517,69 136,0456 5,626321 13,73437 2
C.SPRT.SUFL.000006:579,68 140,2256 5,502625 13,73437 7
TAV-01.G.TRSP.LNCT.000035.01/04:452,46 100,0056 191,8961 13,73437 TAV-01.G.TRSP.LNCT.000035.01/04
