TAV-01.G.TRSP.NSTL.000085.01/04:498,69 107,0156 192,5571 13,73437 TAV-01.G.TRSP.NSTL.000085.01/04
D.LMST.BLDS.000458:359,66 276,8256 3,131104 13,73437 1
D.LMST.BLDS.000458:277,53 227,9456 3,131104 13,73437 1
D.PTTI.PSCL.000151:195,23 179,7956 5,626321 13,73437 2
D.PTTI.PSCL.000151:478,56 344,1156 5,626321 13,73437 2
D.LMST.RNDL.000920:98,18 235,7856 5,879517 13,73437 4
D.ALBR.PRNI.000733:152,43 263,6356 5,566406 13,73437 3
C.CSCN.RBNL.000499:171,88 279,4756 5,635986 13,73437 5
D.LMST.BCDS.000546:187,97 285,2556 5,612793 13,73437 6
L.RGTR.PGDN.000117:228,37 246,3556 5,502625 13,73437 7
C.CSCN.RBNL.000499:228,13 313,5556 5,635986 13,73437 5
D.LMST.RNDL.000919:241,77 319,4456 5,601196 13,73437 8
D.LMST.RNDL.000919:287,21 348,6756 5,601196 13,73437 8
C.CSCN.RBNL.000499:300,08 355,9056 5,635986 13,73437 5
L.RGTR.PGDN.000117:354,94 323,1556 5,502625 13,73437 7
D.LMST.BCDS.000546:345,02 380,8456 5,612793 13,73437 6
C.CSCN.RBNL.000499:356,88 389,1556 5,635986 13,73437 5
D.ALBR.PRNI.000733:378,34 398,2656 5,566406 13,73437 3
D.LMST.RNDL.000920:429,34 429,0956 5,879517 13,73437 4
L.RGTR.CTNE.000170:87,71 395,7256 11,39374 13,73437 18
L.RGTR.CTNE.000170:231,99 389,4056 11,39374 13,73437 18
D.LMRF.FRCC.000150:436,8 245,3656 11,37634 13,73437 17
D.LMST.BLDS.000460:469,38 248,2056 5,5896 13,73437 9
D.PTTI.PSCL.000137:532,88 286,3856 11,34735 13,73437 10
D.LMST.BLDS.000460:348,41 180,0456 5,5896 13,73437 9
D.PTTI.PSCL.000137:297,42 149,5456 11,34735 13,73437 10
C.RDTR.ALPH.000119:673,17 239,6256 8,854065 13,73437 11
D.LMST.BCDS.000550:568,31 197,8056 11,28937 13,73437 12
C.GRNI.PNPN.000031:527,87 163,0256 11,34155 13,73437 14
L.RGTR.PGDN.000118:557,62 166,0356 11,37634 13,73437 13
D.LMST.RNDL.000919:514,96 167,6256 5,601196 13,73437 8
D.LMST.BLDS.000460:453,48 129,2256 5,5896 13,73437 9
L.RGTR.PGDN.000118:441,41 98,29562 11,37634 13,73437 13
C.GRNI.PNPN.000031:420,11 86,47562 11,34155 13,73437 14
D.LMST.BCDS.000550:391 94,77563 11,28937 13,73437 12
C.RDTR.ALPH.000119:309,34 29,00563 8,854065 13,73437 11
L.GDPR.PRSC.000024:400,14 17,85563 11,37054 13,73437 16
D.LAMI.LMPG.000607:669,56 131,1456 11,44012 13,73437 15
