D.LMST.RGST.000202:139,82 209,0856 11,34155 13,73437 14
D.PTTI.SPPR.001819:159,69 166,5456 11,34735 13,73437 10
C.ANEL.SGST.000017:186,87 158,1156 5,635986 13,73437 5
C.CSCN.RDLI.000045:198,69 148,7956 11,37634 13,73437 13
D.ALBR.CNDT.000092:231,44 130,8656 8,854065 13,73437 11
D.RULL.RLFL.000121:294,26 96,20563 11,28937 13,73437 12
C.CSCN.RDLI.000045:357,37 64,97562 11,37634 13,73437 13
C.ANEL.SGST.000017:376,37 56,97563 5,635986 13,73437 5
D.PTTI.SPPR.001819:387,49 36,60563 11,34735 13,73437 10
D.LMST.RGST.000202:442,35 34,13563 11,34155 13,73437 14
C.NSTP.SGLN.000013:586,04 380,5956 11,44012 13,73437 15
D.TRVS.PRTN.000071:454,35 250,0456 3,131104 13,73437 1
D.RULL.TRNS.000028:419,77 279,1756 5,612793 13,73437 6
D.ALBR.TRSM.000363:517,04 233,8656 5,566406 13,73437 3
C.LGTE.NGTA.000301:556,8 266,0956 5,879517 13,73437 4
C.ANEL.SGST.000017:578,67 242,3056 5,635986 13,73437 5
D.PTTI.SPPR.001820:407,11 363,4956 5,626321 13,73437 2
C.SPRT.SUFL.000006:375,82 367,6256 5,502625 13,73437 7
D.ALBR.PRNI.000761:587,45 152,3556 5,601196 13,73437 8
C.MTRD.MSEW.000284:640,42 119,8456 5,5896 13,73437 9
D.PTTI.SPPR.001820:536,71 163,5956 5,626321 13,73437 2
C.SPRT.SUFL.000006:642,21 214,7856 5,502625 13,73437 7
D.LMST.SFTC.000825:86,69 342,3156 11,37054 13,73437 16
C.GRNI.PNPN.000037:53,56 193,0856 11,37634 13,73437 17
TAV-01.G.TRSP.LNCT.000036.01/03:452,63 128,0256 191,9308 13,73437 TAV-01.G.TRSP.LNCT.000036.01/03
D.LMST.SFTC.000578:99,4 265,3956 11,39374 13,73437 18
