C.MNGL.LMZG.000012:258,43 348,4356 5,635986 13,73437 5
D.PTTI.SPPR.001843:227,55 226,4656 5,879517 13,73437 4
D.LMST.STSP.001773:188,03 328,1756 3,131104 13,73437 1
D.LMRF.STML.000161:266,87 269,5756 5,566406 13,73437 3
D.PTTI.GUID.000201:230,79 257,3656 5,626321 13,73437 2
D.PTTI.GUID.000202:258,42 192,8356 5,612793 13,73437 6
C.REGF.LSMC.000001:199,89 190,8756 5,5896 13,73437 9
C.CLPN.FEST.000247:277,26 123,0156 5,601196 13,73437 8
D.GUID.GDPR.000707:176,49 69,20563 8,854065 13,73437 11
D.LMST.STSP.001771:188,11 100,6856 11,34735 13,73437 10
D.LMRF.FRCC.000151:282,87 208,3756 5,502625 13,73437 7
G.TRSP.LNCT.000035:468,39 103,1956 11,28937 13,73437 12
