C.RDTR.ALPH.000128:272,26 61,48563 8,854065 13,73437 11
C.GDLN.RLLN.000042:198,15 181,9556 5,566406 13,73437 3
D.ALBR.PRNI.000732:222,25 170,4256 5,879517 13,73437 4
C.GNTI.RTFL.000002:247,2 153,1156 5,635986 13,73437 5
D.ALBR.TRBN.000018:279,02 137,7656 5,612793 13,73437 6
C.GNTI.RTFL.000002:339,43 98,91563 5,635986 13,73437 5
D.ALBR.PRNI.000732:368,86 87,31563 5,879517 13,73437 4
C.GDLN.RLLN.000042:389,49 74,10562 5,566406 13,73437 3
C.GDLN.RLLN.000030:151,81 193,1456 5,626321 13,73437 2
C.GDLN.RLLN.000030:426,31 33,80563 5,626321 13,73437 2
C.CTPC.STND.000050:610,19 217,4856 5,601196 13,73437 8
D.PTTI.SPPR.001714:514,61 188,4856 3,131104 13,73437 1
D.PTTI.SPPR.001714:171,08 278,4856 3,131104 13,73437 1
D.PTTI.SPPR.001716:313,41 226,7356 11,34735 13,73437 10
D.PTTI.SPPR.001715:327,67 193,4056 5,5896 13,73437 9
C.GDLN.RLLN.000000:468,54 140,8056 5,502625 13,73437 7
C.GDLN.RLLN.000000:435,94 416,4256 5,502625 13,73437 7
C.ANEL.SGST.000021:183,46 189,3656 11,28937 13,73437 12
C.ANEL.SGST.000021:403,84 68,06563 11,28937 13,73437 12
C.GDLN.RLLN.000000:685 160,0956 5,502625 13,73437 7
D.LMRF.FRCC.000155:696,12 153,3156 11,37634 13,73437 13
