D.LMST.BCDS.000538:364,54 260,1156 11,37634 13,73437 13
D.LMST.RNDL.000912:297,06 379,9656 5,612793 13,73437 6
D.LMST.MRST.000526:316,88 353,8656 5,601196 13,73437 8
D.LMST.BLDS.000447:396,44 384,4556 5,5896 13,73437 9
C.TSND.TSMC.000001:417,48 372,0756 11,34735 13,73437 10
D.LMST.BLDS.000446:481,01 320,1856 5,502625 13,73437 7
C.CSCN.RBNL.000465:504,01 309,5156 5,635986 13,73437 5
D.LMSC.CHFL.000037:683,92 345,2156 11,39374 13,73437 18
D.ALBR.PRNI.000719:627,96 190,5256 5,879517 13,73437 4
C.CSCN.RBNL.000465:672,25 157,9856 5,635986 13,73437 5
D.LMST.RNDL.000912:691,3 151,2356 5,612793 13,73437 6
D.PTTI.CHSR.000169:569,85 198,8656 3,131104 13,73437 1
C.RCCD.RSMC.000280:333,38 221,3456 11,34155 13,73437 14
C.VITI.NBRK.000005:251,75 292,2356 11,37054 13,73437 16
C.BCCL.IGUS.000057:270,96 278,2956 11,44012 13,73437 15
C.BCCL.IGUS.000057:444,65 263,1556 11,44012 13,73437 15
D.LMST.STSP.001581:458,43 255,9056 11,37634 13,73437 17
D.LMSC.CHFL.000035:72,71 358,0756 11,39374 13,73437 19
D.PTTI.PTTC.000936:309,93 262,2256 11,28937 13,73437 12
L.ALBR.LNGT.000007:540,33 184,3756 5,566406 13,73437 3
C.CLPN.CSMC.000050:360,98 286,5856 8,854065 13,73437 11
C.MNGL.LSMR.000039:371,54 73,78562 5,626321 13,73437 2
C.MNGL.LSMR.000039:247,55 58,69563 5,626321 13,73437 2
D.LMST.RNDL.001187:381,23 311,5656 12,28861 13,73437 20
D.LMST.BLDS.000828:576,17 284,4656 10,67667 13,73437 21
D.LMST.BCDS.000829:197,15 399,8456 12,23063 13,73437 22
