D.LMST.BLDS.000071:326,79 87,33562 5,626321 13,73437 2
D.LMST.BLDS.000071:337,79 176,0956 5,626321 13,73437 2
D.LMST.BLDS.000071:336,44 417,1256 5,626321 13,73437 2
C.RCCD.RSMC.000205:493,73 416,2356 5,635986 13,73437 5
C.RCCD.RSMC.000205:576,24 369,5856 5,635986 13,73437 5
C.RCCD.TPMS.000002:524,53 325,3456 5,612793 13,73437 6
D.PRTZ.CRTR.000658:436,91 31,63563 3,131104 13,73437 1
D.PRTZ.CRTR.000657:536,14 148,8756 5,566406 13,73437 3
D.LAMI.LMPR.000242:456,82 316,7656 5,879517 13,73437 4
C.RCCD.RSMC.000205:519,84 440,9956 5,635986 13,73437 5
TAV-03.G.STRT.CHDT.000000.01/03:108,47 302,4756 193,2355 13,73437 TAV-03.G.STRT.CHDT.000000.01/03
