D.PRTZ.PRTE.000235:204,16 74,14562 5,5896 13,73437 9
C.PRTZ.CRNR.000001:183,09 86,75562 5,626321 13,73437 2
D.PRTZ.CSPR.000012:282,26 252,4156 11,28937 13,73437 12
D.PRTZ.CSPR.000011:295,49 248,6456 11,37634 13,73437 13
D.PRTZ.CSPR.000010:277,71 325,8056 11,34735 13,73437 10
C.PRTZ.CRNR.000001:300,17 443,0456 5,626321 13,73437 2
D.PRTZ.PRTE.000234:392,74 430,7456 3,131104 13,73437 1
D.PRTZ.CSPR.000009:374 107,7456 5,566406 13,73437 3
D.PRTZ.CSPR.000008:383,49 102,1956 5,879517 13,73437 4
D.LMST.MCRS.000006:428,03 133,1456 5,635986 13,73437 5
D.PTTI.PTPG.000072:444,8 121,7556 5,612793 13,73437 6
D.LMST.NGPN.000055:415,38 58,68563 5,601196 13,73437 8
C.PFFR.NGST.000001:447,26 111,0256 5,502625 13,73437 7
D.PRTZ.CSPR.000000:331,6 298,0256 8,854065 13,73437 11
TAV-03.S.STRT.CHDT.000000.01/05:518,34 24,37563 191,983 13,73437 TAV-03.S.STRT.CHDT.000000.01/05
